[gd_scene format=3 uid="uid://c6cx8utt3qlsj"]

[ext_resource type="Script" uid="uid://d1gomfab7a1il" path="res://scripts/room.gd" id="1_71rkt"]
[ext_resource type="PackedScene" uid="uid://dxc8hqjruyrbc" path="res://scenes/door.tscn" id="2_shoe2"]
[ext_resource type="FontFile" uid="uid://cicxmv8cu64m2" path="res://fonts/Creepy Blood.ttf" id="3_pusen"]
[ext_resource type="Texture2D" uid="uid://br7h5phbhttrw" path="res://assets/public assets/bedside_table_0.jpg" id="4_vvpus"]
[ext_resource type="Material" uid="uid://b0ltckauk0x8p" path="res://materials/wood_walls.tres" id="5_b125a"]
[ext_resource type="Texture2D" uid="uid://cbo6rdnsq2731" path="res://assets/public materials/stylized_wood_pbr_material_0.png" id="6_pe33r"]
[ext_resource type="PackedScene" uid="uid://boi866841lpv4" path="res://scenes/bookshelf.tscn" id="7_5t3b1"]
[ext_resource type="PackedScene" uid="uid://ch2sqs27dc4s0" path="res://scenes/chest.tscn" id="8_pusen"]
[ext_resource type="PackedScene" uid="uid://bvafej76q2um6" path="res://scenes/floormat.tscn" id="8_qf47x"]
[ext_resource type="PackedScene" uid="uid://cngtetqnup6ps" path="res://scenes/wall_light.tscn" id="9_50e82"]
[ext_resource type="PackedScene" uid="uid://csgcwopx75qhl" path="res://scenes/trappedchest.tscn" id="9_vvpus"]
[ext_resource type="PackedScene" uid="uid://csdxyfoy36kxa" path="res://scenes/cobweb.tscn" id="12_vvpus"]
[ext_resource type="PackedScene" uid="uid://dqi0h7nf2xwes" path="res://assets/public assets/frames/frame03.glb" id="13_pe33r"]
[ext_resource type="PackedScene" uid="uid://77ndh6s57l3v" path="res://assets/public assets/frames/frame01_lowpoly.glb" id="14_5t3b1"]
[ext_resource type="ArrayOccluder3D" uid="uid://dd378ace8b8eg" path="res://baked occlusion scenes/library_broken.occ" id="15_5t3b1"]

[sub_resource type="BoxShape3D" id="BoxShape3D_ffxv4"]
size = Vector3(4.199463, 9.462402, 1)

[sub_resource type="StandardMaterial3D" id="StandardMaterial3D_xgxdy"]
albedo_texture = ExtResource("4_vvpus")

[sub_resource type="StandardMaterial3D" id="StandardMaterial3D_qan31"]
albedo_texture = ExtResource("6_pe33r")
uv1_scale = Vector3(8, 8, 8)
uv1_triplanar = true

[sub_resource type="PlaneMesh" id="PlaneMesh_8f3np"]
material = SubResource("StandardMaterial3D_qan31")

[sub_resource type="WorldBoundaryShape3D" id="WorldBoundaryShape3D_oxp1g"]

[node name="room" type="CSGCombiner3D" unique_id=839876733]
transform = Transform3D(1, 0, 0, 0, 1, 0, 0, 0, 1, 0, -25.366516, 26.748308)
use_collision = true
script = ExtResource("1_71rkt")

[node name="ExitMarker" type="Marker3D" parent="." unique_id=412077109]
transform = Transform3D(1, 0, 0, 0, 1, 0, 0, 0, 1, -8.773961, 0, 42.244835)

[node name="Label3D" type="Label3D" parent="." unique_id=309539866]
transform = Transform3D(-1, 0, 8.742278e-08, 0, 1, 0, -8.742278e-08, 0, -1, -9.236662, 5.495962, 14.617483)
pixel_size = 0.03
text = "1"
font = ExtResource("3_pusen")

[node name="updator" type="Area3D" parent="." unique_id=1750448096]
transform = Transform3D(1, 0, 0, 0, 1, 0, 0, 0, 1, -8.773961, 0, 0)

[node name="CollisionShape3D" type="CollisionShape3D" parent="updator" unique_id=1071553891]
transform = Transform3D(1, 0, 0, 0, 1, 0, 0, 0, 1, 8.064923, 4.231201, -14.695917)
shape = SubResource("BoxShape3D_ffxv4")

[node name="ceiling" type="Node3D" parent="." unique_id=1656465122]

[node name="ceiling3" type="CSGBox3D" parent="ceiling" unique_id=1667596401]
transform = Transform3D(34.6124, 0, 0, 0, 0.73599076, 0, 0, 0, 38.01585, 0.8695431, 9.825939, -0.0031661987)
operation = 2
size = Vector3(0.5830078, 1, 0.49121094)
material = SubResource("StandardMaterial3D_xgxdy")

[node name="ceiling4" type="CSGBox3D" parent="ceiling/ceiling3" unique_id=1733425418]
operation = 2
size = Vector3(0.3017578, 1, 0.27148438)
material = SubResource("StandardMaterial3D_xgxdy")

[node name="ceiling" type="CSGBox3D" parent="ceiling" unique_id=1551938200]
transform = Transform3D(34.6124, 0, 0, 0, 0.73599076, 0, 0, 0, 38.01585, 0.8695431, 8.956718, 7.4380474)
size = Vector3(1, 1, 1.3914795)
material = SubResource("StandardMaterial3D_xgxdy")

[node name="ceiling2" type="CSGBox3D" parent="ceiling/ceiling" unique_id=210341771]
transform = Transform3D(1, 0, 0, 0, 1, 0, 0, 0, 1, 0, 0, -0.19573975)
operation = 2
size = Vector3(0.5830078, 1, 0.49121094)
material = SubResource("StandardMaterial3D_xgxdy")

[node name="ceiling5" type="CSGBox3D" parent="ceiling" unique_id=1381508365]
transform = Transform3D(34.6124, 0, 0, 0, 0.73599076, 0, 0, 0, 38.01585, 0.8695431, 10.77428, -0.0031661987)
size = Vector3(0.3017578, 1, 0.27148438)
material = SubResource("StandardMaterial3D_xgxdy")

[node name="ceiling6" type="CSGBox3D" parent="ceiling/ceiling5" unique_id=1515713914]
operation = 2
size = Vector3(0.18457031, 1, 0.15722656)
material = SubResource("StandardMaterial3D_xgxdy")

[node name="ceiling7" type="CSGBox3D" parent="ceiling" unique_id=1848898796]
transform = Transform3D(34.6124, 0, 0, 0, 0.73599076, 0, 0, 0, 38.01585, 0.8695431, 11.788696, -0.0031661987)
operation = 2
size = Vector3(0.18457031, 1, 0.15722656)
material = SubResource("StandardMaterial3D_xgxdy")

[node name="ceiling8" type="CSGBox3D" parent="ceiling/ceiling7" unique_id=919887958]
operation = 2
size = Vector3(0.072265625, 1, 0.06347656)
material = SubResource("StandardMaterial3D_xgxdy")

[node name="ceiling9" type="CSGBox3D" parent="ceiling" unique_id=936957845]
transform = Transform3D(34.6124, 0, 0, 0, 0.73599076, 0, 0, 0, 38.01585, 0.8695431, 12.788465, -0.0031661987)
operation = 2
size = Vector3(0.072265625, 1, 0.06347656)
material = SubResource("StandardMaterial3D_xgxdy")

[node name="walls" type="CSGCombiner3D" parent="." unique_id=1020782118]

[node name="CSGBox3D" type="CSGBox3D" parent="walls" unique_id=2029324558]
transform = Transform3D(1, 0, 0, 0, 1, 0, 0, 0, 1, -0.6225586, 4.310251, -15.349867)
size = Vector3(35.58203, 8.878052, 0.123046875)
material = ExtResource("5_b125a")

[node name="CSGBox3D6" type="CSGBox3D" parent="walls" unique_id=1076919387]
transform = Transform3D(1, 0, 0, 0, 1, 0, 0, 0, 1, -0.7924881, 0.4029026, -15.20078)
size = Vector3(35.92186, 1, 0.28952736)
material = ExtResource("5_b125a")

[node name="CSGBox3D3" type="CSGBox3D" parent="walls" unique_id=989852022]
transform = Transform3D(-4.371139e-08, 0, 1, 0, 1, 0, -1, 0, -4.371139e-08, 17.104721, 4.4249363, 0.1086483)
size = Vector3(35.58203, 8.648682, 0.123046875)
material = ExtResource("5_b125a")

[node name="CSGBox3D7" type="CSGBox3D" parent="walls" unique_id=1882383905]
transform = Transform3D(-4.371139e-08, 0, 1, 0, 1, 0, -1, 0, -4.371139e-08, 17.352087, 0.15153694, -1.4985294)
size = Vector3(32.367676, 1.5656967, 0.84802246)
material = ExtResource("5_b125a")

[node name="CSGBox3D4" type="CSGBox3D" parent="walls" unique_id=1638146983]
transform = Transform3D(-4.371139e-08, 0, 1, 0, 1, 0, -1, 0, -4.371139e-08, -15.87248, 4.4249363, 0.1086483)
size = Vector3(35.58203, 8.648682, 0.123046875)
material = ExtResource("5_b125a")

[node name="CSGBox3D5" type="CSGBox3D" parent="walls" unique_id=1128446527]
transform = Transform3D(-4.371139e-08, 0, 1, 0, 1, 0, -1, 0, -4.371139e-08, -15.8145075, 0.40639687, 0.1086483)
size = Vector3(35.582, 1, 0.38816017)
material = ExtResource("5_b125a")

[node name="door wall" type="CSGBox3D" parent="walls" unique_id=1158933073]
transform = Transform3D(1, 0, 0, 0, 1, 0, 0, 0, 1, -0.6225586, 4.297287, 14.68947)
size = Vector3(35.58203, 8.648682, 0.123046875)
material = ExtResource("5_b125a")

[node name="door wall2" type="CSGBox3D" parent="walls" unique_id=1037418976]
transform = Transform3D(1, 0, 0, 0, 1, 0, 0, 0, 1, -0.6225586, 0.40475655, 14.640955)
size = Vector3(35.58203, 0.9898529, 0.491333)
material = ExtResource("5_b125a")

[node name="CSGBox3D8" type="CSGBox3D" parent="walls" unique_id=380918432]
transform = Transform3D(1, 0, 0, 0, 1, 0, 0, 0, 1, -0.7924881, 8.448864, -15.20078)
size = Vector3(35.92186, 1, 0.28952736)
material = ExtResource("5_b125a")

[node name="CSGBox3D9" type="CSGBox3D" parent="walls" unique_id=378422431]
transform = Transform3D(-4.371139e-08, 0, 1, 0, 1, 0, -1, 0, -4.371139e-08, 17.178886, 8.734629, -1.4985294)
size = Vector3(32.367676, 1.5656967, 0.84802246)
material = ExtResource("5_b125a")

[node name="CSGBox3D10" type="CSGBox3D" parent="walls" unique_id=125933548]
transform = Transform3D(-4.371139e-08, 0, 1, 0, 1, 0, -1, 0, -4.371139e-08, -15.8145075, 8.452358, 0.1086483)
size = Vector3(35.582, 1, 0.38816017)
material = ExtResource("5_b125a")

[node name="door wall3" type="CSGBox3D" parent="walls" unique_id=2074450371]
transform = Transform3D(1, 0, 0, 0, 1, 0, 0, 0, 1, -0.6225586, 8.450718, 14.640955)
size = Vector3(35.58203, 0.9898529, 0.491333)
material = ExtResource("5_b125a")

[node name="door wall cutout" type="CSGBox3D" parent="walls" unique_id=1041976223]
transform = Transform3D(1, 0, 0, 0, 1, 0, 0, 0, 1, -9.121399, 2.4377308, 14.679522)
operation = 2
size = Vector3(3.0489502, 4.9295692, 0.7310791)
material = ExtResource("5_b125a")

[node name="door wall cutout2" type="CSGBox3D" parent="walls" unique_id=663352900]
transform = Transform3D(1, 0, 0, 0, 1, 0, 0, 0, 1, -0.34743786, 2.4377308, -15.444549)
operation = 2
size = Vector3(3.0489502, 4.9295692, 1.4627075)
material = ExtResource("5_b125a")

[node name="floor" type="Node3D" parent="." unique_id=1984927911]

[node name="MeshInstance3D" type="MeshInstance3D" parent="floor" unique_id=620957960]
transform = Transform3D(24.70394, 0, 0, 0, 0.73599076, 0, 0, 0, 30.724575, 0.8695431, 0.015729904, 4.682003)
mesh = SubResource("PlaneMesh_8f3np")

[node name="StaticBody3D" type="StaticBody3D" parent="floor" unique_id=1962419449]

[node name="CollisionShape3D" type="CollisionShape3D" parent="floor/StaticBody3D" unique_id=312170134]
transform = Transform3D(1, 0, 0, 0, 1, 0, 0, 0, 1, 0, -0.12301254, 0)
shape = SubResource("WorldBoundaryShape3D_oxp1g")

[node name="decor" type="Node3D" parent="." unique_id=495362737]

[node name="bookshelf5" parent="decor" unique_id=1937612806 instance=ExtResource("7_5t3b1")]
transform = Transform3D(-1.6843147e-08, -0.9227804, -0.3853263, -4.0336012e-08, 0.3853263, -0.9227804, 1, 0, -4.371139e-08, 15.532089, -0.12301254, 11.597498)

[node name="bookshelf6" parent="decor" unique_id=182106562 instance=ExtResource("7_5t3b1")]
transform = Transform3D(-4.371139e-08, 0, -1, 0.9165443, 0.39993316, -4.0063423e-08, 0.39993316, -0.9165443, -1.7481634e-08, 15.532089, -0.12301254, 7.727457)

[node name="bookshelf7" parent="decor" unique_id=1290223684 instance=ExtResource("7_5t3b1")]
transform = Transform3D(-1.2917794e-08, -0.9553351, -0.2955247, -4.1759023e-08, 0.2955247, -0.9553351, 1, 0, -4.371139e-08, 15.532089, -0.12301254, 3.9221897)

[node name="bookshelf8" parent="decor" unique_id=1990092689 instance=ExtResource("7_5t3b1")]
transform = Transform3D(0.3998759, -0.4199111, -0.8147232, 0.7241718, 0.68961954, -3.1654555e-08, 0.56184906, -0.58999956, 0.5798501, 15.532089, -0.12301254, 0.11033058)

[node name="bookshelf9" parent="decor" unique_id=1530283665 instance=ExtResource("7_5t3b1")]
transform = Transform3D(-4.371139e-08, 0, -1, -0.25347093, 0.96734303, 1.1079566e-08, 0.96734303, 0.25347093, -4.2283908e-08, 15.532089, -0.12301254, -6.2207985)

[node name="bookshelf10" parent="decor" unique_id=526346927 instance=ExtResource("7_5t3b1")]
transform = Transform3D(-3.9321254e-08, -0.4367861, -0.8995654, -1.9092527e-08, 0.8995654, -0.4367861, 1, 0, -4.371139e-08, 15.532089, -0.12301254, -10.008987)

[node name="bookshelf11" parent="decor" unique_id=220640569 instance=ExtResource("7_5t3b1")]
transform = Transform3D(-4.371139e-08, 0, -1, 0.9643822, 0.26451272, -4.2154483e-08, 0.26451272, -0.9643822, -1.1562218e-08, 8.955231, -0.12301254, 8.312216)

[node name="bookshelf12" parent="decor" unique_id=618355704 instance=ExtResource("7_5t3b1")]
transform = Transform3D(-2.6531056e-08, -0.7947325, -0.6069598, -3.473886e-08, 0.6069598, -0.7947325, 1, 0, -4.371139e-08, 8.955231, -0.12301254, 4.442175)

[node name="bookshelf13" parent="decor" unique_id=1051729221 instance=ExtResource("7_5t3b1")]
transform = Transform3D(-2.775733e-08, -0.7725009, -0.6350137, -3.3767087e-08, 0.6350137, -0.7725009, 1, 0, -4.371139e-08, 8.955231, -0.12301254, 0.6369076)

[node name="bookshelf14" parent="decor" unique_id=27733713 instance=ExtResource("7_5t3b1")]
transform = Transform3D(-6.897488e-09, -0.9874717, -0.15779613, -4.316376e-08, 0.15779613, -0.9874717, 1, 0, -4.371139e-08, 9.088568, 0.36084175, -3.8118095)

[node name="bookshelf15" parent="decor" unique_id=1912731379 instance=ExtResource("7_5t3b1")]
transform = Transform3D(-4.2816755e-08, -0.20128308, -0.97953314, -8.798363e-09, 0.97953314, -0.20128308, 1, 0, -4.371139e-08, 8.955231, -0.12301254, -9.506081)

[node name="bookshelf16" parent="decor" unique_id=258886748 instance=ExtResource("7_5t3b1")]
transform = Transform3D(-4.371139e-08, -1.1094349e-16, -1, -0.30527982, 0.9522627, 1.3344205e-08, 0.9522627, 0.30527982, -4.1624723e-08, 8.955231, -0.12301254, -13.29427)

[node name="bookshelf17" parent="decor" unique_id=697224123 instance=ExtResource("7_5t3b1")]
transform = Transform3D(-4.0046316e-08, 0.4008288, -0.91615295, 1.7520783e-08, 0.91615295, 0.4008288, 1, 0, -4.371139e-08, 3.1753683, -0.12301254, 12.682577)

[node name="bookshelf18" parent="decor" unique_id=689069533 instance=ExtResource("7_5t3b1")]
transform = Transform3D(-4.2325944e-08, 0.24977167, -0.9683049, 0.38355407, 0.8942475, 0.23066874, 0.9235185, -0.37139717, -0.09580095, 3.1753683, -0.12301254, 7.274637)

[node name="bookshelf19" parent="decor" unique_id=916396958 instance=ExtResource("7_5t3b1")]
transform = Transform3D(-3.3054885e-08, 0.65433174, -0.7562076, 2.8601749e-08, 0.7562076, 0.65433174, 1, 0, -4.371139e-08, 3.1753683, -0.12301254, 5.007269)

[node name="bookshelf20" parent="decor" unique_id=1651398242 instance=ExtResource("7_5t3b1")]
transform = Transform3D(-1.0459967e-08, 0.9709466, -0.23929615, 4.2441425e-08, 0.23929615, 0.9709466, 1, 0, -4.371139e-08, 3.1753683, -0.12301254, 1.1954098)

[node name="bookshelf21" parent="decor" unique_id=441954667 instance=ExtResource("7_5t3b1")]
transform = Transform3D(-3.978105e-08, -0.41442323, -0.9100843, -1.8115015e-08, 0.9100843, -0.41442323, 1, 0, -4.371139e-08, 3.1753683, -0.12301254, -5.1357193)

[node name="bookshelf22" parent="decor" unique_id=1411112468 instance=ExtResource("7_5t3b1")]
transform = Transform3D(-0.25980136, 0.18756527, -0.94727105, 0.02308154, 0.9818809, 0.1880878, 0.96538615, 0.027000997, -0.2594233, 3.169169, -0.12301254, -8.715595)

[node name="bookshelf23" parent="decor" unique_id=1116451518 instance=ExtResource("7_5t3b1")]
transform = Transform3D(-2.3730033e-09, 0.9985253, 0.05428799, 4.3646928e-08, 0.05428799, -0.9985253, -1, 0, -4.371139e-08, -3.4609523, -0.12301254, 11.597498)

[node name="bookshelf24" parent="decor" unique_id=320196204 instance=ExtResource("7_5t3b1")]
transform = Transform3D(-0.37861022, -0.2730294, 0.88436955, -0.0767114, 0.9614697, 0.2639912, -0.92237186, 0.03210854, -0.38496676, -3.4609523, -0.12301254, 7.727457)

[node name="bookshelf25" parent="decor" unique_id=1952373915 instance=ExtResource("7_5t3b1")]
transform = Transform3D(-4.1014395e-08, -0.3458223, 0.9383, -0.3486211, 0.8794346, 0.32412666, -0.9372637, -0.32711118, -0.12056099, -3.4609523, -0.12301254, 3.9221897)

[node name="bookshelf26" parent="decor" unique_id=565725290 instance=ExtResource("7_5t3b1")]
transform = Transform3D(-0.118501015, -0.6734416, 0.72968066, 0.34514946, 0.66109896, 0.6661982, -0.9310367, 0.330794, 0.15409717, -3.4609523, -0.12301254, -1.4294758)

[node name="bookshelf27" parent="decor" unique_id=749887336 instance=ExtResource("7_5t3b1")]
transform = Transform3D(-1.8778291e-08, 0.9030206, 0.42959723, 3.9472283e-08, 0.42959723, -0.9030206, -1, 0, -4.371139e-08, -3.4609523, -0.12301254, -6.2207985)

[node name="bookshelf28" parent="decor" unique_id=1296010280 instance=ExtResource("7_5t3b1")]
transform = Transform3D(-1.2470287e-08, -0.95844215, 0.2852869, -4.1894836e-08, 0.2852869, 0.95844215, -1, 0, -4.371139e-08, -3.4609523, 0.20912552, -10.008987)

[node name="bookshelf29" parent="decor" unique_id=475118798 instance=ExtResource("7_5t3b1")]
transform = Transform3D(-4.371139e-08, 0, 1, 0, 1, 0, -1, 0, -4.371139e-08, -10.03781, -0.12301254, 8.312216)

[node name="bookshelf30" parent="decor" unique_id=2066990989 instance=ExtResource("7_5t3b1")]
transform = Transform3D(-2.3093593e-08, 0.84904546, 0.52831984, -0.4290297, 0.47722623, -0.7669346, -0.9032904, -0.22666492, 0.3642657, -10.03781, -0.12301254, 3.6529903)

[node name="bookshelf31" parent="decor" unique_id=774741311 instance=ExtResource("7_5t3b1")]
transform = Transform3D(0.46774983, 0.6001065, 0.6489088, 0.21040852, 0.6374659, -0.741192, -0.8584514, 0.48322842, 0.17190705, -10.03781, -0.12301254, 0.6369076)

[node name="bookshelf32" parent="decor" unique_id=164667109 instance=ExtResource("7_5t3b1")]
transform = Transform3D(-4.3259583e-08, -0.14340626, 0.9896639, -6.2684866e-09, 0.9896639, 0.14340626, -1, 0, -4.371139e-08, -10.03781, -0.12301254, -3.1749516)

[node name="bookshelf33" parent="decor" unique_id=1921767420 instance=ExtResource("7_5t3b1")]
transform = Transform3D(-4.371139e-08, 0, 1, 0, 1, 0, -1, 0, -4.371139e-08, -10.03781, -0.12301254, -9.506081)

[node name="bookshelf34" parent="decor" unique_id=2062631230 instance=ExtResource("7_5t3b1")]
transform = Transform3D(-4.371139e-08, 0, 1, 0, 1, 0, -1, 0, -4.371139e-08, -10.03781, -0.12301254, -13.29427)

[node name="bookshelf35" parent="decor" unique_id=1745402842 instance=ExtResource("7_5t3b1")]
transform = Transform3D(-4.371139e-08, 0, 1, -0.383554, 0.9235185, -1.6765679e-08, -0.9235185, -0.383554, -4.0368274e-08, -15.817674, -0.12301254, 12.682577)

[node name="bookshelf36" parent="decor" unique_id=1928812313 instance=ExtResource("7_5t3b1")]
transform = Transform3D(-1.07042375e-08, 0.9695523, 0.24488442, 4.2380478e-08, 0.24488442, -0.9695523, -1, 0, -4.371139e-08, -15.817674, -0.12301254, 8.812536)

[node name="bookshelf37" parent="decor" unique_id=1777888101 instance=ExtResource("7_5t3b1")]
transform = Transform3D(-3.983085e-08, 0.411912, 0.91122365, 1.8005245e-08, 0.91122365, -0.411912, -1, 0, -4.371139e-08, -15.817674, -0.12301254, 5.007269)

[node name="bookshelf38" parent="decor" unique_id=1415467188 instance=ExtResource("7_5t3b1")]
transform = Transform3D(-4.371139e-08, 0, 1, -0.7771679, 0.62929326, -3.3971087e-08, -0.62929326, -0.7771679, -2.7507282e-08, -15.406682, -0.12301254, 1.1954098)

[node name="bookshelf39" parent="decor" unique_id=84529532 instance=ExtResource("7_5t3b1")]
transform = Transform3D(0.47699165, 0.7159223, 0.5098374, 0.282688, 0.4242896, -0.8602708, -0.8322058, 0.5544669, -3.6376868e-08, -15.817674, -0.12301254, -5.1357193)

[node name="bookshelf40" parent="decor" unique_id=1388717634 instance=ExtResource("7_5t3b1")]
transform = Transform3D(-0.093253285, 0.56797177, 0.81774807, -0.1324892, 0.8069439, -0.5755763, -0.9867879, -0.16201718, -4.313387e-08, -15.817674, -0.12301254, -8.923908)

[node name="chest" parent="decor" unique_id=854197798 instance=ExtResource("8_pusen")]
transform = Transform3D(-1, 0, -8.742278e-08, 0, 1, 0, 8.742278e-08, 0, -1, -8.219915, 0.52267456, -2.7583694)

[node name="chest2" parent="decor" unique_id=1597600952 instance=ExtResource("8_pusen")]
transform = Transform3D(-1, 0, -8.742278e-08, 0, 1, 0, 8.742278e-08, 0, -1, -8.245091, 0.52267456, -13.0640955)

[node name="chest3" parent="decor" unique_id=2146375096 instance=ExtResource("8_pusen")]
transform = Transform3D(1, 0, 0, 0, 1, 0, 0, 0, 1, 10.064426, 0.52267456, -6.4662647)

[node name="chest4" parent="decor" unique_id=458656731 instance=ExtResource("8_pusen")]
transform = Transform3D(1, 0, 0, 0, 1, 0, 0, 0, 1, 10.064426, 0.52267456, -2.0378284)

[node name="trappedchest" parent="decor" unique_id=282689295 instance=ExtResource("9_vvpus")]
transform = Transform3D(1, 0, 0, 0, 1, 0, 0, 0, 1, 5.339547, 0.52267456, -12.0276165)

[node name="trappedchest2" parent="decor" unique_id=1004278010 instance=ExtResource("9_vvpus")]
transform = Transform3D(1, 0, 0, 0, 1, 0, 0, 0, 1, 6.9961534, 0.52267456, 10.894629)

[node name="Node3D" parent="." unique_id=1583250141 instance=ExtResource("8_qf47x")]
transform = Transform3D(2, 0, 0, 0, 2, 0, 0, 0, 2, 0.76027155, 0.005048752, -1.413105)

[node name="Node3D2" parent="." unique_id=1574238621 instance=ExtResource("9_50e82")]
transform = Transform3D(-1, 0, -8.742278e-08, 0, 1, 0, 8.742278e-08, 0, -1, 8.32908, 7.226383, 14.906897)

[node name="Node3D3" parent="." unique_id=1576128248 instance=ExtResource("9_50e82")]
transform = Transform3D(-1, 0, -8.742278e-08, 0, 1, 0, 8.742278e-08, 0, -1, -8.4854, 7.226383, 14.906897)

[node name="Node3D8" parent="." unique_id=300850963 instance=ExtResource("9_50e82")]
transform = Transform3D(1, 0, 0, 0, 1, 0, 0, 0, 1, 8.32908, 7.226383, -15.594204)

[node name="Node3D9" parent="." unique_id=565091702 instance=ExtResource("9_50e82")]
transform = Transform3D(1, 0, 0, 0, 1, 0, 0, 0, 1, -8.4854, 7.226383, -15.594204)

[node name="Node3D4" parent="." unique_id=772220308 instance=ExtResource("9_50e82")]
transform = Transform3D(-4.371139e-08, 0, 1, 0, 1, 0, -1, 0, -4.371139e-08, -16.099602, 6.418207, 9.59564)

[node name="Node3D5" parent="." unique_id=452538330 instance=ExtResource("9_50e82")]
transform = Transform3D(-4.371139e-08, 0, 1, 0, 1, 0, -1, 0, -4.371139e-08, -16.099602, 6.418207, -10.14958)

[node name="Node3D6" parent="." unique_id=1782845571 instance=ExtResource("9_50e82")]
transform = Transform3D(-4.371139e-08, 0, -1, 0, 1, 0, 1, 0, -4.371139e-08, 17.408312, 6.418207, 9.59564)

[node name="Node3D7" parent="." unique_id=819701156 instance=ExtResource("9_50e82")]
transform = Transform3D(-4.371139e-08, 0, -1, 0, 1, 0, 1, 0, -4.371139e-08, 17.408312, 6.418207, -10.14958)

[node name="cobweb" parent="." unique_id=1806385423 instance=ExtResource("12_vvpus")]
transform = Transform3D(-4.371139e-08, 0, 1, 0, 1, 0, -1, 0, -4.371139e-08, 14.597871, 4.6354885, 12.989038)

[node name="cobweb2" parent="." unique_id=420149032 instance=ExtResource("12_vvpus")]
transform = Transform3D(-0.37543878, 0.17268255, 0.91061884, -0.82730466, 0.38051763, -0.41324753, -0.41786715, -0.9085083, -2.9777412e-09, 1.1136355, 1.5556622, 13.41646)

[node name="cobweb3" parent="." unique_id=1593920431 instance=ExtResource("12_vvpus")]
transform = Transform3D(-0.28273433, 0.13004328, 0.9503421, -0.8633936, 0.39711672, -0.31120726, -0.41786715, -0.9085083, -2.9777416e-09, 0.61201787, 1.5556622, 7.0578823)

[node name="cobweb4" parent="." unique_id=1927302512 instance=ExtResource("12_vvpus")]
transform = Transform3D(-0.22650102, 0.30323628, 0.9256053, -0.8550179, 0.39326426, -0.3380646, -0.46652102, -0.8679811, 0.17019767, 0.61201787, 1.5556622, 7.606085)

[node name="cobweb5" parent="." unique_id=1076277005 instance=ExtResource("12_vvpus")]
transform = Transform3D(-0.59682447, 0.27450863, 0.7539534, -0.68497276, 0.31505227, -0.656928, -0.41786715, -0.9085083, -5.9554823e-09, 0.61201787, 2.1011696, 7.606085)

[node name="cobweb6" parent="." unique_id=1513897664 instance=ExtResource("12_vvpus")]
transform = Transform3D(-0.5534673, 0.25456652, 0.7930132, -0.720459, 0.3313742, -0.6092045, -0.41786718, -0.9085083, 1.7239602e-08, 0.61201787, 2.1011696, 7.0570927)

[node name="cobweb7" parent="." unique_id=899896424 instance=ExtResource("12_vvpus")]
transform = Transform3D(-4.1245258e-08, -0.33114028, 0.9435815, -1.4474601e-08, 0.9435815, 0.33114028, -1, 0, -4.371139e-08, -0.43556237, 0.9174328, -4.525118)

[node name="cobweb8" parent="." unique_id=710445210 instance=ExtResource("12_vvpus")]
transform = Transform3D(-4.1245258e-08, -0.33114028, 0.9435815, -1.4474601e-08, 0.9435815, 0.33114028, -1, 0, -4.371139e-08, -0.3116902, 0.9174328, -4.5607014)

[node name="cobweb9" parent="." unique_id=767343658 instance=ExtResource("12_vvpus")]
transform = Transform3D(-0.22650044, 0.17271556, -0.9585754, -0.035408296, 0.9820419, 0.18531029, 0.97336715, 0.07591443, -0.21631742, 5.5719843, 0.9174328, -6.6278877)

[node name="cobweb10" parent="." unique_id=153391371 instance=ExtResource("12_vvpus")]
transform = Transform3D(-4.371139e-08, 0, 1, 0, 1, 0, -1, 0, -4.371139e-08, -11.446239, 2.9838963, -10.489891)

[node name="cobweb11" parent="." unique_id=189280961 instance=ExtResource("12_vvpus")]
transform = Transform3D(-4.371139e-08, 0, 1, 0, 1, 0, -1, 0, -4.371139e-08, -11.446239, 2.9838963, -14.305387)

[node name="cobweb12" parent="." unique_id=1909123337 instance=ExtResource("12_vvpus")]
transform = Transform3D(-4.371139e-08, 0, 1, 0, 1, 0, -1, 0, -4.371139e-08, -11.446239, 2.9838963, -11.742387)

[node name="cobweb13" parent="." unique_id=561051248 instance=ExtResource("12_vvpus")]
transform = Transform3D(-4.371139e-08, 0, 1, 0, 1, 0, -1, 0, -4.371139e-08, -11.446239, 1.292841, -11.742387)

[node name="cobweb14" parent="." unique_id=2109968112 instance=ExtResource("12_vvpus")]
transform = Transform3D(-0.23084909, 0.90290064, 0.36260056, -0.20407057, -0.40930712, 0.88928217, 0.9513484, 0.13129391, 0.2787436, -11.446239, 1.292841, -15.35477)

[node name="cobweb15" parent="." unique_id=890731990 instance=ExtResource("12_vvpus")]
transform = Transform3D(-4.371139e-08, 0, 1, -0.25335276, 0.96737397, -1.1074401e-08, -0.96737397, -0.25335276, -4.2285258e-08, -17.599283, 2.5309906, 10.134989)

[node name="cobweb16" parent="." unique_id=261395910 instance=ExtResource("12_vvpus")]
transform = Transform3D(-4.371139e-08, 0, 1, -0.25335276, 0.96737397, -1.1074401e-08, -0.96737397, -0.25335276, -4.2285258e-08, -17.599283, 2.5309906, 11.462351)

[node name="cobweb17" parent="." unique_id=71073678 instance=ExtResource("12_vvpus")]
transform = Transform3D(-4.371139e-08, 0, 1, -0.25335276, 0.96737397, -1.1074401e-08, -0.96737397, -0.25335276, -4.2285258e-08, -17.599283, 0.5030117, 11.462351)

[node name="cobweb18" parent="." unique_id=332683092 instance=ExtResource("12_vvpus")]
transform = Transform3D(-3.9433527e-08, 0.43145606, 0.90213394, 1.8859543e-08, 0.90213394, -0.43145606, -1, 0, -4.371139e-08, -16.57264, 2.7923336, 3.5303822)

[node name="cobweb19" parent="." unique_id=106149260 instance=ExtResource("12_vvpus")]
transform = Transform3D(-3.9433527e-08, 0.43145606, 0.90213394, 1.8859543e-08, 0.90213394, -0.43145606, -1, 0, -4.371139e-08, -16.57264, 2.7923336, 4.9374676)

[node name="cobweb20" parent="." unique_id=865898621 instance=ExtResource("12_vvpus")]
transform = Transform3D(-3.9433527e-08, 0.43145606, 0.90213394, 1.8859543e-08, 0.90213394, -0.43145606, -1, 0, -4.371139e-08, -16.29744, 3.5569592, 4.9374676)

[node name="CSGCombiner3D" type="CSGCombiner3D" parent="." unique_id=1757377635]
transform = Transform3D(1, 0, 0, 0, 1, 0, 0, 0, 1, -8.785817, 0, 0)

[node name="CSGBox3D" type="CSGBox3D" parent="CSGCombiner3D" unique_id=560807278]
transform = Transform3D(1, 0, 0, 0, 1, 0, 0, 0, 1, 1.244071, 2.9979858, 20.794607)
size = Vector3(0.11968994, 6.9959717, 12.144409)
material = ExtResource("5_b125a")

[node name="CSGBox3D2" type="CSGBox3D" parent="CSGCombiner3D" unique_id=964469179]
transform = Transform3D(1, 0, 0, 0, 1, 0, 0, 0, 1, -1.9390175, 2.9979858, 20.820547)
size = Vector3(0.11968994, 6.9959717, 12.196289)
material = ExtResource("5_b125a")

[node name="CSGBox3D3" type="CSGBox3D" parent="CSGCombiner3D" unique_id=1370420816]
transform = Transform3D(-4.371139e-08, -1, 0, 1, -4.371139e-08, 0, 0, 0, 1, -0.5853027, 6.3451805, 20.840162)
size = Vector3(0.11968994, 6.9959717, 12.196289)
material = ExtResource("5_b125a")

[node name="Sketchfab_Scene" parent="." unique_id=808190407 instance=ExtResource("13_pe33r")]
transform = Transform3D(-3.934025e-07, 0, -9, 0, 9, 0, 9, 0, -3.934025e-07, 17.309546, 5.3778667, -0.014535904)

[node name="Sketchfab_Scene5" parent="." unique_id=1234563087 instance=ExtResource("13_pe33r")]
transform = Transform3D(-3.934025e-07, 0, -9, 0, 9, 0, 9, 0, -3.934025e-07, 17.309546, 2.690197, 13.220243)

[node name="Sketchfab_Scene2" parent="." unique_id=696454668 instance=ExtResource("14_5t3b1")]
transform = Transform3D(-6.119594e-07, 0, 14, 0, 14, 0, -14, 0, -6.119594e-07, -16.019503, 3.1400318, -1.1080208)

[node name="Sketchfab_Scene3" parent="." unique_id=1947226532 instance=ExtResource("14_5t3b1")]
transform = Transform3D(-6.119594e-07, 0, 14, 0, 14, 0, -14, 0, -6.119594e-07, -16.019503, 1.6292953, -12.538206)

[node name="Sketchfab_Scene4" parent="." unique_id=777739765 instance=ExtResource("14_5t3b1")]
transform = Transform3D(-6.119594e-07, 0, 14, 0, 14, 0, -14, 0, -6.119594e-07, -16.019503, 0.63284683, 8.5552845)

[node name="OccluderInstance3D" type="OccluderInstance3D" parent="." unique_id=652701366]
occluder = ExtResource("15_5t3b1")

[node name="door" parent="." unique_id=1196333875 instance=ExtResource("2_shoe2")]
transform = Transform3D(1, 0, 0, 0, 1, 0, 0, 0, 1, -7.519144, 2.217392, 15.29582)

[connection signal="body_entered" from="updator" to="." method="_on_updator_body_entered"]
